3,2
3,1
3,3
10,98
10,278
10,10
10,254
10,136
10,192
10,118
10,210
10,2
10,3
11,16
11,4
11,24
11,28
9,7
9,4
9,6
8,13
8,8
8,15
8,7
8,14
8,4
8,2
8,3
60,4
60,3
60,2
60,1
60,0
58,3
58,2
58,1
58,0
50,6
50,5
50,4
50,3
50,2
50,1
50,0
39,3
39,1
12,3
12,2
12,1
11,29
11,27
11,25
11,23
11,22
11,21
11,20
11,19
11,18
20,2
11,17
11,15
20,1
20,3
11,14
11,13
11,11
11,9
11,8
11,7
11,6
11,5
11,3
11,2
11,1
10,313
19,2
19,1
19,3
10,311
10,305
10,299
10,298
10,296
10,295
10,289
10,285
10,281
10,279
10,271
10,261
10,259
10,249
10,245
10,243
10,241
10,238
10,229
10,227
10,209
10,205
10,201
10,197
10,191
10,185
10,157
10,155
10,132
10,128
10,125
10,119
10,109
